point     x     y slice color    ID
    0    17   207     1     0     1
    1   318   193     1     1     2
    2   379   188     1     2     3
    3   319   246     1     3     4
    4   378   252     1     4     5
    5   309   221     1     5     6
    6   391   220     1     6     7
    0    18   207     2     0     8
    1   252   198     2     1     9
    2   324   193     2     2    10
    3   254   242     2     3    11
    4   322   247     2     4    12
    5   246   220     2     5    13
    6   335   220     2     6    14
    0    18   207     3     0    15
    1   205   201     3     1    16
    2   284   195     3     2    17
    3   207   238     3     3    18
    4   280   244     3     4    19
    5   200   220     3     5    20
    6   293   221     3     6    21
    0    17   207     4     0    22
    1   181   203     4     1    23
    2   264   197     4     2    24
    3   183   237     4     3    25
    4   262   243     4     4    26
    5   178   221     4     5    27
    6   272   220     4     6    28
    0    17   206     5     0    29
    1   158   205     5     1    30
    2   244   198     5     2    31
    3   158   235     5     3    32
    4   240   241     5     4    33
    5   153   220     5     5    34
    6   251   220     5     6    35
    0    17   207     6     0    36
    1   143   205     6     1    37
    2   232   199     6     2    38
    3   143   233     6     3    39
    4   226   240     6     4    40
    5   139   220     6     5    41
    6   238   218     6     6    42
    0    17   207     7     0    43
    1   121   206     7     1    44
    2   210   200     7     2    45
    3   121   233     7     3    46
    4   208   239     7     4    47
    5   117   220     7     5    48
    6   218   220     7     6    49
    0    17   207     9     0    50
    1   102   207     9     1    51
    2   196   201     9     2    52
    3   103   231     9     3    53
    4   193   237     9     4    54
    5   100   219     9     5    55
    6   202   220     9     6    56
    0    18   207    10     0    57
    1    96   208    10     1    58
    2   192   202    10     2    59
    3    98   232    10     3    60
    4   188   238    10     4    61
    5    94   220    10     5    62
    6   197   219    10     6    63
    0    18   207    11     0    64
    1    90   207    11     1    65
    2   186   202    11     2    66
    3    91   232    11     3    67
    4   181   237    11     4    68
    5    88   220    11     5    69
    6   191   220    11     6    70
    0    17   207    12     0    71
    1    76   209    12     1    72
    2   173   203    12     2    73
    3    76   230    12     3    74
    4   170   236    12     4    75
    5    73   220    12     5    76
    6   179   220    12     6    77
    0    17   207    13     0    78
    1    62   208    13     1    79
    2   161   204    13     2    80
    3    62   231    13     3    81
    4   157   236    13     4    82
    5    59   220    13     5    83
    6   165   220    13     6    84
    0    18   207    14     0    85
    1    55   211    14     1    86
    2   159   204    14     2    87
    3    58   230    14     3    88
    4   154   236    14     4    89
    5    56   221    14     5    90
    6   162   220    14     6    91
    0    17   207    15     0    92
    1    51   211    15     1    93
    2   152   204    15     2    94
    3    51   231    15     3    95
    4   149   237    15     4    96
    5    49   220    15     5    97
    6   157   221    15     6    98
    0    17   207    16     0    99
    1    48   210    16     1   100
    2   149   204    16     2   101
    3    48   229    16     3   102
    4   147   235    16     4   103
    5    46   220    16     5   104
    6   153   221    16     6   105
    0    17   207    17     0   106
    1    43   210    17     1   107
    2   146   205    17     3   109
    3    43   230    17     4   110
    4   142   236    17     5   111
    5    41   221    17     6   112
    6   149   220    17     7   113
